height,weight,gender
63.37,149.14,0
65.53,108.21,1
72.97,168.14,0
71.5,163.38,0
67.19,132.57,1
67.39,117.49,1
62.68,93.61,1
63.94,124.4,1
66.66,151.85,0
69.52,168.3,0
72.12,178.34,0
68.71,153.94,0
67,137.85,1
75.32,183.01,0
64.44,116.4,1
64.32,118.37,1
62.83,109.64,1
71.57,170.82,0
65.63,100.68,1
68.1,128.74,1
70.43,154,0
64.75,134.27,0
73.82,201.86,0
65.02,126.14,0
61.62,123.17,1
63.49,109.1,1
67.26,173.19,0
66.89,136.24,1
61.38,115.45,1
66.99,124,1
60.36,102.35,1
65.26,134.52,0
63.25,114.13,1
72.65,165.84,0
62.23,105.82,1
62.26,113.97,1
64.02,143.82,0
77.23,177.19,0
60.41,150.71,0
69.38,173.38,0
67.4,136.42,1
60.74,104.76,1
62.53,138.69,0
69.2,167.46,0
66.19,118.69,1
63.71,112.6,1
62.98,116.56,1
62.93,104.93,1
62.94,117.39,1
62.62,107.9,1
73.24,180.3,0
68.04,158.59,0
62.22,105.25,1
63.83,123.51,1
71.39,169.14,0
62.55,105.98,1
72.32,168.76,0
67.89,167.8,0
64.31,135.64,0
59.92,102.12,1
71,157.29,0
71.7,147.85,0
64.28,124.98,1
57.26,97.63,1
67.18,155.74,0
60.21,113.18,1
61.47,122.35,1
65.99,114.58,1
69.12,163.05,0
65.92,108.44,1
61.2,134.47,1
66.02,132.66,0
73.84,186.33,0
67.48,149.77,0
62.5,104.86,1
68.18,152.03,0
66.77,107.49,1
65.7,141.23,0
63.86,130.35,0
72.84,178.24,0
71.6,161.03,0
66.91,136.08,1
69.7,152.17,0
72.87,170.36,0
66.05,110.61,1
65.55,126.51,1
63.49,103.27,1
60.83,106.13,1
69.77,113.58,1
67.55,169.02,0
65.23,131.17,1
66.95,121.34,1
62.35,115.08,1
66.8,130.78,1
71.3,169.75,0
61.91,114.72,1
63.44,111.17,1
73.04,177.47,0
65.77,106.11,1
64.75,112.01,1
62.15,117.1,1
65.4,139.13,0
62.75,119.19,1
61.17,126.76,1
70.46,155,0
70.44,161.09,0
66.33,146.87,0
68.43,126.97,1
69.63,148,0
64.91,119.01,1
72.82,197.88,0
69.82,153.28,0
67.33,167.77,0
66.15,102.72,1
72.99,182.28,0
67.15,120.79,1
64.9,123.2,1
62.03,139.39,0
65.28,106.97,1
66.49,147.39,1
59.95,94.59,1
66.5,132.91,1
63.21,114.11,1
66.97,164.37,0
61.92,116.38,1
70.25,154.62,0
60.77,106.22,1
65.26,119.34,1
57.96,98.93,1
65.46,121.91,1
73.38,171.79,0
63.95,106.89,1
58.93,115.39,1
64.29,101.34,1
64.74,135.26,0
72.15,168.58,0
68.45,137.85,1
69.99,165.57,0
65.66,116.76,1
65.37,134.49,0
70.57,168.19,0
68.68,149.6,0
69.99,157.68,0
64.24,98.79,1
63.29,106.71,1
60.33,102.02,1
68.12,127.65,1
61.54,118.18,1
63.99,116.73,1
66.4,157.51,0
65.14,119.76,1
65.62,114.09,1
62.71,122.13,1
60.5,117.68,1
65.88,107.85,1
58.09,109.64,1
71.55,164.23,0
66.21,117.6,1
71.33,161.5,0
68.72,154.28,0
62.42,117.58,1
73.04,158.98,0
58.7,104.55,1
67.66,150.72,0
62.68,119.45,1
67.83,114.26,1
62.38,119.63,1
65.92,117.71,1
60.07,107.07,1
60.75,112.39,1
70.88,160.01,0
68.18,158.63,0
68.73,170.13,0
69.01,110.67,1
70.32,157.33,0
57.57,101.81,1
73.24,194.58,0
67.96,149.87,0
64.22,114.61,1
61.17,131.69,1
69.1,130.33,1
66.57,157.79,0
70.21,149.92,0
75,173.64,0
67.72,165.27,0
61.38,118.68,1
67.31,126.5,1
61.53,113.85,1
62.43,101.3,1
72.53,166.57,0
70.45,145.68,0
69.06,165.25,0
67.83,123.27,1
57.46,106.47,1
60.69,93.26,1
65.08,117.99,1
65.24,146.74,0
69.5,160.88,0
62.98,122.62,1
71.51,149.73,0
63.36,118.88,1
66.43,158.69,0
68.44,176.97,0
66.2,139.96,0
66.29,113.45,1
59.22,121.06,1
65.66,148.81,0
64.1,111.33,1
67.14,115.93,1
67.18,144.41,0
60.68,106.28,1
64.88,108.75,1
65.07,109.02,1
64.06,106.42,1
72.9,181.01,0
67.31,165.21,0
64.77,105.23,1
63.97,104.04,1
69.12,160.09,0
62.49,123.03,1
67.07,120.87,1
68.6,146.11,0
67.24,133.18,1
66.63,125.27,1
62.36,111.97,1
64.7,125.14,1
61.92,121.04,1
68.06,127.02,1
73.03,184.3,0
61.87,124.2,1
70.74,170.75,0
62.69,110.82,1
65.7,114.37,1
66.38,137.27,0
73.83,188.91,0
62.95,119.16,1
62.1,119.01,1
64.69,125.94,0
63.29,122.88,1
69.9,129.6,1
61.5,121.03,1
68.29,153.97,0
63.84,114.52,1
71.79,175.12,0
64.18,98.92,1
66.53,162.34,0
61.34,118.5,1
62.05,122.31,1
67.25,163.97,0
63.13,102.07,1
65.66,156.25,0
71.76,147.53,0
62.27,104.16,1
64.19,114.07,1
62.74,116.6,1
67.73,176.01,0
67.62,121.4,1
74.09,182.78,0
65.64,140.44,0
66.73,152.07,1
68.67,151.93,0
64.07,117.91,1
66.02,111.69,1
60.8,110.53,1
66.36,118.22,1
74.93,163.04,0
60.98,108.62,1
63.69,120.91,1
59.14,103.81,1
62.6,115.5,1
70.83,170.2,0
70.05,145.8,0
66.42,150.38,0
66.41,114,1
67.31,128.68,1
70.34,152.25,0
73.43,188.98,0
70.24,158.12,0
68.86,167.88,0
71.5,174.27,0
66.17,150.14,0
69.82,145.07,0
62.12,114.81,1
65.83,124.05,1
71.68,157.91,0
63.94,114.48,1
60.41,111.11,1
58.2,107.32,1
66.07,108.15,1
69.2,160.09,0
67.37,169.74,0
64.69,125.93,1
63.67,115.54,1
67,131.59,1
66.89,162.89,0
63.14,121.45,1
67.59,162.64,0
66.23,107.45,1
67.35,119.97,1
59.59,115.44,1
62.88,117.04,1
68.98,145.3,0
68,131.19,1
66.47,153.08,0
63.55,144.63,0
61.14,134.38,1
60.56,113.27,1
68.89,159.99,0
66.66,132.39,1
63.85,104.02,1
68.56,163.24,0
60.53,102.86,1
61.28,106,1
70.21,162.1,0
59.63,121.48,1
62.38,101.35,1
64.66,118.59,1
68.41,159.84,0
69.72,156.31,0
67.23,170.18,0
73.35,185.39,0
66.24,139.04,0
66.08,113.38,1
65.92,98.92,1
62.53,122.65,1
63.56,127.86,1
62.25,124.03,1
64.9,123.46,1
62.71,120.01,1
61.45,118.78,1
58.89,99.91,1
63.8,121.81,1
67.62,157.54,0
69.68,172.39,0
66.95,140.75,1
66.19,117.78,1
60.46,138.92,0
63.29,117.76,1
69.96,155.18,0
64.12,113.85,1
67.83,181.48,0
71.43,159.09,0
66.79,155.2,0
69.18,126.57,1
63.12,123.08,1
69.63,164.09,0
70.19,163.44,0
63.76,154.03,0
63.62,117.19,1
61.72,107.95,1
68.44,141.13,0
63.65,119.53,1
68.57,149.59,0
65.42,120.54,1
72.35,166.13,0
62.54,126.01,1
68.91,154.79,0
61.93,111.41,1
61.88,111.33,1
69.33,158.79,0
60.66,105,1
67.08,166.17,0
63.48,113.54,1
66.71,166.25,0
68.3,123.61,1
65.8,116.25,1
67,144.73,0
62.94,128.72,1
63.99,150.71,0
61.05,106.73,1
66.5,155.75,0
69.55,142.02,1
71.71,157.41,0
63.67,115.43,1
70.52,158.08,0
67.33,144.44,0
65.56,107.09,1
59.48,102.16,1
76.81,195.07,0
68.72,159,0
67.47,132,1
59.69,108.54,1
66.85,157.7,0
67.62,148.37,0
66.19,143.45,0
70.27,144.67,0
71.49,140.79,0
68.34,129.95,1
61.83,121.48,1
61.15,117.85,1
73.27,200.61,0
61.9,118.4,1
71.13,149.21,0
66.11,103.41,1
66.9,131.51,1
62.94,115.91,1
69.94,159.32,0
64.81,110.82,1
67.76,136.77,1
64.8,111.07,1
68.46,152.16,0
61.47,126.58,1
64.95,124.84,1
68.22,176.21,0
70.42,154.03,0
68.66,125.98,1
62.59,128.53,1
61.74,110.35,1
65.99,124.33,0
65.12,112.79,1
68.43,158.15,0
65.17,138.84,0
72.72,171.51,0
66,136.11,1
66.54,124.36,1
61.76,152.86,0
69.59,161.33,0
62.59,104.16,1
70.99,168.48,0
65.93,115.36,1
69.03,134.03,1
71.2,161.2,0
68.27,149.52,0
67.69,131.24,1
62.46,116.97,1
64.27,136.14,1
71.18,128.95,1
66.06,126.79,1
69.29,169.3,0
72.09,177.67,0
60.29,108.26,1
62.19,105.33,1
67.22,121.57,1
71.45,149.63,0
70.47,171.07,0
73.58,162.37,0
61.7,121.46,1
64.05,124.99,1
62.59,104.13,1
66.23,110.65,1
67.67,166.68,0
68.9,151.08,0
66.48,166.06,0
59.21,100.85,1
64.93,111.53,1
71.63,169.98,0
72.13,169.46,0
69.02,142.67,0
63.59,108.72,1
69.05,162.19,0
62.66,126.73,1
68.58,171.2,0
60.34,108.68,1
69.71,182.98,0
66.58,133.9,1
59.04,115.71,1
67.74,159.26,0
68.31,184.35,0
70.6,153.02,0
67.34,144.56,0
58.29,97.28,1
70.52,156.73,0
72.86,164.18,0
65.37,106.14,1
66.24,165.01,0
60.3,108.24,1
66.77,164.54,0
67.26,129.15,1
62.29,129.08,1
69.2,125.67,1
68.55,164.84,0
61.85,108.23,1
67.85,127.33,1
73.94,160.8,0
68.61,170.54,0
74.99,186.88,0
66.07,148.78,0
67.82,172.57,0
61.81,110.94,1
65.37,139.41,0
65.47,111.59,1
71.33,141.63,0
63.54,117.68,1
66.3,161.1,0
67.85,129.02,1
66.1,111.6,1
73.17,197.52,0
70.03,155.28,0
71.93,173.94,0
72.91,175.3,0
71.05,162.73,0
69.14,146.97,1
61.72,121.32,1
63.47,112.65,1
59.59,104.9,1
61.63,144.26,0
69.12,159.65,0
64.26,123.68,1
65.95,110.59,1
64.77,115.4,1
66.56,129.91,1
70.11,153.24,0
67.58,167.08,0
70.75,172.4,0
62.26,108.09,1
64.7,114.43,1
65.79,117.79,1
68.39,154.3,0
72.37,173.3,0
63.11,129.43,1
70.56,171.99,0
62.59,122.97,1
66.54,124.41,1
74.97,166.77,0
61.98,115.34,1
66.59,124.52,1
63.63,109.21,1
64.8,99.16,1
68.98,136.42,1
67.62,132.38,1
69.94,170.26,0
70.16,150.02,0
70.92,166.74,0
67.38,149.72,0
62.05,111.01,1
65.19,143.19,0
66.13,144.65,0
63.68,112.63,1
62.92,117.57,1
65.25,123.27,1
62.53,119.01,1
70.33,153.95,0
73.86,167.8,0
69.76,173.79,0
66.52,157.05,0
69.24,168.3,0
67.13,159.01,0
76.7,192.87,0
64.76,134.52,1
73.45,176.03,0
71.49,147.14,0
70.99,153.41,0
56.38,101.68,1
68.15,171.49,0
64.66,128.63,0
65.93,140.57,0
68.64,158.78,0
66.98,134.05,1
64.24,105.53,1
62.72,131.1,1
67.12,120.05,1
67.51,149.66,0
59.62,114.05,1
68.59,157.34,0
70.53,150.64,0
63.82,155.87,0
73.42,181.99,0
60.95,118.45,1
72.2,176.33,0
69.27,140.31,0
61.84,115.7,1
70.52,162.04,0
64.72,145.14,0
65.44,116.15,1
64.48,105.81,1
64.3,142.06,0
68.46,139.82,1
67.62,131.3,1
70.93,173.44,0
66.58,129.06,1
71.53,140.44,0
64.55,111.84,1
66.36,128.65,1
62.93,115.5,1
65.33,106.74,1
65.09,131.42,1
62.48,145.5,0
64.37,149.96,0
67.08,173.67,0
66.72,164.72,0
66.14,134.4,0
68.76,172.31,0
61.96,117.05,1
67.13,161.02,0
55.2,106.58,1
61.85,112.87,1
64.53,124.85,1
72.54,166.7,0
67.23,156.94,0
70.41,171.81,0
65.41,143.52,0
71.75,156.01,0
69.5,158.7,0
55.65,114.38,1
64.82,118.08,1
61.96,112.6,1
65.34,138,0
58.61,103.65,1
66.7,155.35,0
72.19,163.29,0
65.13,113.65,1
66.65,124.03,1
70.12,165.06,0
70.54,154.99,0
72.06,198.73,0
64.58,103.57,1
68.93,148.34,0
73.75,188.44,0
68.27,153.4,0
66.8,136.64,0
65.4,145.15,0
68.99,166.3,0
63.09,119.4,1
68.53,128.76,1
69.44,166.27,0
68.07,168.51,0
70.9,150.18,0
63.71,111.42,1
72.63,176.34,0
68.31,136.89,1
62.42,120.16,1
64.21,119.17,1
70.34,160.7,0
68.87,164.19,0
71.43,169.41,0
73.51,181.2,0
64.74,107.62,1
70.41,159.67,0
62.4,115.97,1
68.39,184.3,0
68.51,164.11,0
61.62,107.81,1
62.21,124.53,1
73.96,175.26,0
69.73,148.99,0
73.35,163.68,0
66.45,161.46,0
69.33,156.99,0
69.38,161.7,0
71.21,148.9,0
66.84,152.49,0
63.61,100.98,1
63.85,111.02,1
69.55,160.47,0
61.14,123.58,1
69.75,160.68,0
73.52,187.19,0
64.65,123.58,1
62.34,103.17,1
65.15,128.36,1
60.62,110.47,1
67.97,144.75,0
64.66,127.77,1
64.33,122.73,1
66.08,130.4,1
63.87,112.7,1
61.01,107.34,1
71.32,153.7,0
67.52,123.68,1
67.35,134.95,1
64.85,133.12,0
62.23,113.64,1
60.77,107.06,1
70.14,165.27,0
68.89,166.73,0
62.95,149.88,0
64.6,120.45,1
65.46,133.63,0
66.35,114.12,1
61.97,116.66,1
64.96,138.9,0
64.91,127.23,1
66.09,131.69,0
66.61,127.57,1
59.27,107.94,1
67.47,127.32,1
66.01,116.62,1
62.76,108.58,1
64.08,98.43,1
67.57,145.59,0
61.73,122.86,1
57.38,107.25,1
62.7,112.32,1
65.01,137.34,0
67.77,163.87,0
63.56,127.94,0
69.51,133.76,1
66.95,173.69,0
63.85,126.64,1
62.38,120.71,1
61.32,117.25,1
67.27,123.67,1
74.38,193.29,0
63.94,107.13,1
73.33,163.38,0
66.49,125.49,1
67.55,126.36,1
61.27,119.48,1
70.09,150.57,0
66.47,178.28,0
73.31,190.75,0
72.14,163.63,0
65.29,112.07,1
66.71,137.71,1
66.09,143.17,0
68.14,174.66,0
66.96,138.68,1
63.91,106.19,1
63.8,144.52,0
69.14,151.03,0
69.46,162.39,0
65.6,117.56,1
68.29,174.13,0
59.86,98.28,1
63.51,121.77,1
65.72,113.84,1
64.81,116.7,1
69.86,163.39,0
70.39,146.83,0
65.05,119.72,1
59.75,97.2,1
63.16,114.91,1
69.02,164.68,0
70.21,156.15,0
69.57,147.94,0
66.68,162.4,0
69.88,127.75,1
72.1,169.88,0
75.76,179.35,0
62.78,147.94,0
62.78,112.12,1
64.84,135.61,1
68.23,165.14,0
59.12,112.01,1
60.07,92.67,1
56.98,115.01,1
70.3,167.61,0
64.81,124.41,1
66.04,141.89,0
66.43,176.62,0
73.04,191.06,0
66.36,117,1
65.61,133.68,0
69.74,158.41,0
65.47,116.1,1
67.28,143.36,1
65.66,119.31,1
59.92,111.05,1
67.56,126.88,1
68.25,162.32,0
67.26,155.23,0
62.45,113.28,1
70.65,161.18,0
69.63,134.14,1
69.56,150.21,0
66.26,117.48,1
68.01,164.09,0
64.95,147.26,0
66.84,149.22,0
69.32,149.75,0
62.67,125.62,1
65.56,101.93,1
65.95,117.29,1
60.83,138.14,0
62.93,121,1
66.87,115.95,1
70.32,165.27,0
70.31,173.37,0
66.38,165.67,0
63.62,112.31,1
66.69,117.82,1
72.36,165.39,0
65.47,119.32,1
62.95,136.37,0
66.57,119.7,1
73.58,172.51,0
70.12,157.23,0
61.31,113.05,1
61.3,111.7,1
63.38,108.56,1
71.33,143.17,0
70.82,148.34,0
72.11,175.46,0
61.19,118.32,1
61.95,120.68,1
69.33,157.04,0
66.16,127.84,0
69.06,179.45,0
66.9,171.62,0
62.83,124.98,1
68.54,157.43,0
76.82,191.22,0
63.15,107.87,1
67.76,133.86,1
65.86,140.81,0
63.46,115.37,1
71.97,162.09,0
66.61,124.48,1
73,162.36,0
66.3,122.39,1
67.47,170.69,0
69.08,182.56,0
66.89,165.36,0
65.27,101.88,1
61.83,132.78,1
67.23,124.41,1
69.29,165.72,0
63.88,107.02,1
61.19,112.03,1
67.33,165.02,0
69.32,178.6,0
64.78,133.99,0
65.49,113.04,1
67.11,152.49,0
66.12,139.56,0
63.05,110.4,1
65.74,115.56,1
69.71,148.65,0
70.21,148.65,0
70.05,166.89,0
70.92,158.09,0
61.63,113.39,1
65.56,119.27,1
64.26,119.7,1
63.25,108.26,1
69.89,152.25,0
63.42,121.6,1
74.61,191.45,0
64.09,123.82,1
69.32,164.34,0
67.03,153.15,0
68.37,180.83,0
75.59,190.6,0
62.92,122.8,1
68.28,166.25,0
70.36,174.46,0
68.09,139.36,0
63.76,121.12,1
60.01,92.41,1
66.59,126.94,1
65.8,103.08,1
62.47,110.25,1
61.92,134.26,0
68.88,140.47,0
65.88,127.11,1
62.55,103.15,1
73.57,187.34,0
60.27,100.23,1
63.24,127.6,1
63.23,118.79,1
71.74,174.55,0
70.64,148.71,0
69.15,163.75,0
68.2,135,0
62.82,116.61,1
64.98,110.75,1
62.01,123.88,1
70.64,148.89,0
70.73,162.23,0
72.27,173.59,0
59.98,106.98,1
67.99,158.48,0
74.08,196.65,0
63.27,119.77,1
62.65,120.72,1
71.05,151.78,0
68.77,157.83,0
69.42,156.37,0
59.93,108.95,1
65.36,127.61,1
70.93,171.97,0
64.63,129.54,1
68.35,151.37,0
59.39,102.83,1
70.99,168.89,0
65.47,114.61,1
66.28,96.4,1
70.65,171.86,0
61.36,108.85,1
71.36,139.98,0
71.31,164.54,0
69.24,159.44,0
65.82,130.35,1
70.33,155.71,0
66.98,127.43,1
68.7,162.64,0
64.51,143.69,0
63.98,140.63,0
71.57,156.25,0
68.29,163.56,0
68.97,144.14,0
69.04,156.4,0
66.13,131.93,0
67.23,121.91,1
64.25,114.23,1
70.44,159.14,0
66.4,112.47,1
67.65,127.76,1
71.11,161.24,0
64.33,117.46,1
65.53,138.66,0
70.88,154.91,0
64.42,105.82,1
61.35,112.93,1
68.22,130.5,1
69.99,149.59,0
66.46,167.18,0
65.17,111.9,1
67.11,118.96,1
68.31,162.54,0
63.03,113.68,1
68.04,163.11,0
66.59,166.21,0
69.97,170.32,0
71.3,155.09,0
62.86,113.18,1
65.43,106.26,1
73.14,170.76,0
66.07,108.36,1
67.5,161.81,0
62.44,102.15,1
65.68,138.65,0
69.22,155,0
65.26,118.84,1
61.66,118.78,1
59.77,107.65,1
65.62,101.15,1
59.58,106.27,1
67.69,143.09,1
65.25,112.37,1
62.69,109.51,1
59.01,110.11,1
68.39,145.63,0
66.44,126.09,1
65.93,116.5,1
69.55,127.16,1
65.68,163.25,0
69.59,161.64,0
60.33,104.04,1
61.62,123.52,1
67.23,153.4,0
64,153.97,0
64.65,122.92,1
66.57,112.22,1
69.88,147.44,0
66.59,164.35,0
63.73,116.7,1
69.87,165.75,0
65.37,124.06,1
58.83,110.6,1
66.34,154.56,0
63.04,122.82,1
62.21,113.1,1
67.09,143.08,0
61.11,119.95,1
70.56,161.64,0
70.31,170.21,0
73.51,169.02,0
63.21,116.46,1
74.39,162.83,0
69.89,162.12,0
60.56,102.69,1
61.57,112.9,1
65.84,142.21,0
70.91,175.54,0
71.67,166.86,0
69.54,159.4,0
71.35,160.17,0
66.32,112.4,1
69.96,153.35,0
66.39,156.83,0
69.04,170.83,0
67.72,132.98,1
66.71,125.9,1
64.12,111.59,1
72.23,159.35,0
64.97,122.64,1
65.63,132.67,0
72.41,176.56,0
69.55,158.66,0
65.76,104.55,1
66.03,108.95,1
68.37,166.12,0
64.64,120.39,1
60.25,129.01,0
67.69,173.22,0
61.96,110.68,1
67.15,155.35,0
68.19,160.78,0
68.06,124.63,1
73.81,159.3,0
65.96,134.28,0
69.69,152.2,0
61.85,117.26,1
60.74,102.27,1
63.27,150.35,0
67.64,178.09,0
64.64,126.72,1
67.43,142.6,1
65.22,125.32,0
64.02,115.14,1
67.14,155.12,0
64.61,124.32,1
61.72,106.52,1
70.56,164.18,0
62.77,109.09,1
75.57,180.68,0
65.92,121.15,1
69.18,145.11,1
66.01,117.32,1
64.55,124.43,1
67.3,134.29,1
71.08,168.68,0
62.47,115.19,1
62.53,112.68,1
70.45,154.64,0
68.85,161.22,0
66.15,116.66,1
62.03,121.69,1
70.67,164.01,0
70.09,156.06,0
59.67,103.94,1
70.88,158.09,0
61.61,117.98,1
62.92,112.83,1
73.73,159.57,0
62.72,129.02,1
64.04,106.08,1
71.98,169.76,0
67.18,133.08,1
64.58,110.68,1
72.33,135.47,1
60.58,103.21,1
64.04,120.12,1
71.48,179.53,0
69.58,155.06,0
61.49,111.47,1
69.46,156.76,0
66.83,175.05,0
70.35,160.94,0
60.52,108.79,1
65.31,149.18,0
65.52,117.91,1
70.22,147.23,0
73.67,194.27,0
59.78,102.82,1
72.98,182.52,0
62.44,122.37,1
65.93,106.88,1
68.07,131.81,1
64.43,104.78,1
68.86,140.94,0
68.24,118.04,1
74.67,187.13,0
66.31,120.29,1
67.73,168.56,0
62.67,109.13,1
65.61,114.72,1
61.03,113.94,1
59.51,103.59,1
75.53,193.54,0
69.08,153.5,0
65.43,120.7,1
59.72,104.59,1
70.74,154.1,0
68.88,145.4,0
61.44,120.99,1
69.28,151.05,0
64.32,117.51,1
71.57,173.43,0
70.38,178.54,0
70.31,158.13,0
61.8,125.34,1
62.57,112.06,1
76.42,168.1,0
67.6,166.56,0
64.02,100.01,1
65.94,133.47,0
68,151.33,0
68.09,158.53,0
61.81,116.95,1
73.82,173.58,0
66.95,142.86,1
63.11,116.93,1
67.36,152.5,1
63.35,128.6,1
59.14,116.44,1
66,102.26,1
61.75,106.17,1
60.78,108.03,1
72.63,158.88,0
69.99,166.75,0
68.59,155.09,0
67.45,135.76,1
64.84,116.67,1
64.89,138.37,0
65.56,128.38,1
65.55,130.31,0
69.4,153.29,0
68.87,155.13,0
67.33,129.9,1
70.26,156.35,0
63.38,119.31,1
63.99,128.29,1
62.16,106.5,1
62.14,116.28,1
66.71,125.5,1
71.24,163.15,0
57.98,89.96,1
63.14,103.84,1
63.52,117.24,1
66.36,107.31,1
65.56,117.43,1
68.49,164.97,0
60.92,109.77,1
62.1,121.86,1
70.72,159.07,0
67.28,154.59,0
66.23,166.94,0
71.88,135.46,1
65.63,140.07,0
69.53,158.92,0
64.54,136.35,0
68.79,153.2,0
67.93,146.97,0
67.67,137.27,1
72.28,162.97,0
62.11,115.09,1
61.75,111.56,1
65.06,108.09,1
71.63,160.86,0
70.42,170.42,0
64.47,111.37,1
71.43,167.65,0
73.28,186.87,0
68.47,182.81,0
62.43,109.37,1
61.37,113.87,1
71.77,164.09,0
65.85,115.53,1
60.13,108.44,1
64.46,133.27,1
65.18,114.34,1
65.87,120.7,1
60.06,88.78,1
67.43,152,0
61.9,116.4,1
72.27,177.22,0
68.96,157.02,0
70.46,175.02,0
68.61,122.9,1
64.8,103.31,1
61.2,100.8,1
69.33,179.67,0
64.62,117.52,1
67.53,129.85,1
62.83,121.25,0
68.94,130.18,1
71.48,147.06,0
62.21,123.09,1
67.7,118.03,1
53.63,98.69,1
64.03,142.45,0
67.45,143.18,0
70.72,176.35,0
61.23,116.15,1
69.06,119.41,1
62.11,148.26,0
61.41,114.23,1
62.3,104.96,1
66.82,147.48,0
75.34,196.64,0
61.84,107.13,1
66.24,121.81,1
63.84,120.41,1
68.69,144.2,0
64.19,114.28,1
71.4,161.39,0
61.22,109.24,1
65.44,117.23,1
70.9,153.5,0
64.04,111.69,1
61.07,112.03,1
71.14,146.2,0
72.56,188.57,0
63.26,127.6,1
70.6,164.23,0
64.05,103.15,1
66.57,130.56,1
71.31,168.54,0
62.91,99.48,1
67.12,123.69,1
61.38,121.46,1
64.14,119.5,1
67.93,152.51,0
65.54,138,0
63.52,106.49,1
68.54,155.93,0
68.61,136.32,1
66.6,134.66,1
56.97,109.27,1
71.99,164.48,0
64.71,115.63,1
63.19,133.08,0
68.45,184.15,0
66.86,151.41,0
56.85,99.89,1
60.05,97.99,1
67.41,159.52,0
67.48,171.34,0
71.72,156.58,0
68.33,153.51,0
56.67,104.93,1
63.35,123.95,1
70.24,164,0
65.63,108.8,1
70.97,169.67,0
64.1,112.61,1
64.55,150.47,0
69.5,169.89,0
66.17,106.99,1
67.09,123.53,1
67.74,130.57,1
62.43,100.78,1
65.57,119.6,1
66.06,110.06,0
71.55,163.59,0
63.39,120.81,1
61.43,121.47,1
62.47,115.29,1
67.91,152.13,0
61.76,123.93,1
68.14,159.22,0
64.4,118.22,1
61.02,123.95,1
69.06,141.86,0
70.53,162.3,0
68.89,168.37,0
62.25,107.08,1
66.6,140.54,1
62.05,123.15,1
69.45,160.4,0
64.87,128.06,1
63.26,107.07,1
62.08,126,1
60.79,104.15,1
65.91,113.55,1
75.43,174.97,0
64.51,120.9,1
67.84,163.45,0
67.22,163.05,0
71.88,145.06,0
66.71,131.92,1
59.39,101.44,1
63.55,113.36,1
70.17,145.17,0
61.92,107.8,1
67.11,158.2,0
66.84,156.6,0
67.41,150.39,0
61.56,119.28,1
67.85,171.47,0
62.9,114.42,1
62.27,109.7,1
65.19,107.09,1
64.38,115.06,1
73.09,174.74,0
68.31,135.9,1
66.52,163.58,0
69.62,151.51,0
69.34,168.01,0
67.66,128.17,1
70.54,167.91,0
66.53,134.81,1
69.62,146.58,1
71.55,163.2,0
70.85,155.61,0
71.76,159.8,0
67.71,153.6,0
71.76,138.34,1
66.07,158.37,0
65.92,115.66,1
67.03,150.92,0
57.58,110.36,1
63.12,111.83,1
64.62,111.52,1
68.66,151.27,0
59.96,93.08,1
62.29,114.52,1
64.62,101.56,1
62.53,107.17,1
61.8,116.69,1
63.23,117.62,1
65.22,113.06,1
66.37,115.96,1
62.58,109.34,1
72.77,187.26,0
63.78,117.15,1
66.53,129.9,1
66.16,136.75,0
64.42,125.69,1
66.13,147.45,0
62.54,109.12,1
66.2,102.95,1
66.19,137.96,0
62.93,107.3,1
64.94,106.35,1
63.71,114.34,1
58.57,110.25,1
73.36,177.37,0
68.52,156.22,0
68.57,147.94,0
62.32,111.22,1
68.69,167.57,0
65.73,127.78,0
68.07,132.07,1
65.71,145.19,0
69.23,144.55,0
73.41,182.39,0
73.63,182.01,0
59.14,104.2,1
65.37,119.15,1
62.19,115.73,1
72.45,169.93,0
61.22,109.22,1
66.03,121.16,1
69.87,158.42,0
64.26,120.34,1
71.01,167.28,0
64.74,133.5,1
69.17,157,0
71.93,162.1,0
67.86,151.76,0
61.32,122.2,1
65.45,105.14,1
70.82,158.39,0
70.6,162.56,0
69.53,178.01,0
62.68,110.3,1
64.82,111.18,1
70.95,173.1,0
67.4,144.19,0
66.71,168.55,0
68.2,168.7,0
70.82,154.61,0
65.7,137.53,0
68.02,153.99,0
63.96,130.69,0
66.11,115.63,1
63.98,109.16,1
66.4,169.58,0
69.28,148.53,0
73.51,181.32,0
71.19,152.04,0
66.03,149.26,0
68.51,123.87,1
62.84,125.53,0
63.97,117.09,1
65.32,142.54,0
70.76,173.79,0
63.91,116.62,1
62.04,106.06,1
70.94,150.28,0
66.48,139.62,1
62.04,117.7,1
63.54,117.3,1
70.35,160.27,0
73.81,190.75,0
63.24,127.54,1
68.21,163.13,0
65.66,120.12,1
71.09,145.15,0
61.44,116.69,1
68.47,158.53,0
62.77,114.52,1
64.76,119.02,1
72.88,172.67,0
68.09,128.5,1
70.76,162.66,0
63.6,132.05,1
71.47,158.55,0
63.72,116.4,1
65.99,134.5,0
64.64,121.7,0
63.29,114.09,1
62.65,128.86,1
67.23,158.77,0
69.96,147.45,0
66.6,164.86,0
70.64,158.63,0
67.46,136.66,1
62.79,115.39,1
64.7,115.88,1
68.94,135.27,1
70.41,162.36,0
73.89,179.15,0
68.56,128.06,1
71.92,144.36,0
68.24,132.37,1
64.98,110.3,1
69.83,154.86,0
63.84,138.14,0
69.62,169.69,0
61.95,120.07,1
66.72,155.3,0
60.49,99.12,1
67.04,163.26,0
66.08,118.84,1
67.18,121.27,1
67.61,141.27,0
65.51,132.39,0
60.4,98.96,1
72.68,190.44,0
62.61,138.98,0
60.85,108.43,1
67.06,155.72,0
75.32,172.98,0
65.63,145.9,0
74.4,187.76,0
67.99,165.46,0
71.11,172.31,0
64.2,128.19,1
67.63,170.72,0
72.21,179.55,0
56.44,106.05,1
67.71,118.55,1
67.12,160.88,0
67.62,149.86,0
69.98,170.37,0
69.92,160.45,0
73.27,190.41,0
68.88,184.5,0
72.3,186.36,0
67.59,147.2,0
68.05,169.83,0
65.94,116.05,1
63.6,112.6,1
71.23,171.6,0
69.34,165.27,0
60.57,99.16,1
61.92,122.94,1
58.15,112.61,1
71.32,169.04,0
66.06,152.51,0
61.31,127.77,1
64.86,106.71,1
65.17,101.16,1
70.78,163.07,0
66.93,148.81,0
65.53,139.65,0
64.63,126.01,1
57.79,106.01,1
67.02,162.82,0
61.57,102.87,1
66.72,122.37,1
72.86,169.16,0
62.2,111.5,1
63.1,127.39,1
60.54,103.88,1
64.67,114.2,1
64.76,122.87,1
67.96,149.59,0
64.73,109.72,1
70.67,180.21,0
60.17,110.3,1
62.42,111.95,1
68.31,113.07,1
64.14,113.9,1
62.69,120.03,1
66.9,138.21,1
64.98,104.78,1
66.83,133.6,1
61.36,120.89,1
65.07,122.41,0
67.16,150.37,0
61.9,110.54,1
68.78,157.73,0
63.26,113.75,1
65.71,138.28,0
67.85,138.53,0
75.34,178.78,0
71.38,155.66,0
61.16,104.04,1
61.7,101.73,1
66.52,118.66,1
64.15,148.62,0
67.45,128.86,1
67.31,164.92,0
69.14,158.81,0
66.47,127,1
63.7,107.77,1
65.83,118.76,1
68.15,130.33,1
68.8,136.17,0
65.31,103.12,1
62.52,119.22,1
69.57,172.82,0
63.99,115.2,1
59.52,104.24,1
68.36,127.79,1
69.62,157.41,0
69.21,159.44,0
71.41,154.77,0
61.26,120.5,1
66.26,133.13,1
64.72,109.17,1
70.85,143.23,0
63.6,124.61,1
73.12,178.09,0
67.91,156.22,0
68.13,155.51,0
65.91,137.13,0
59.2,111.34,1
57.1,99.31,1
63.27,107.77,1
68.27,154.12,0
68.26,162.53,0
70.56,160.85,0
57.9,97.52,1
61.85,114.45,1
66.52,124.15,1
62.49,118,1
71.92,160.84,0
71.72,161.15,0
67.8,151.93,0
63.56,109.07,1
64.27,115.86,1
63.47,122.85,1
67.24,125.77,1
64.97,108.53,1
59.95,101.7,1
66.6,154.05,0
62.45,115.24,1
68.03,117.21,1
69.23,173.29,0
65.73,109.48,1
62.05,112.01,1
61.85,118.38,1
67.28,131.53,1
63.5,157.21,0
67.11,155.16,0
64.09,119.39,1
70.78,153.8,0
73.51,99.15,1
62.64,114.38,1
72.09,184.93,0
67.38,125.03,1
73.4,176.63,0
65.86,118.45,1
68.65,142.44,0
62.59,116.12,1
63.38,126,1
64.16,117.9,1
63.65,110.48,1
60.51,98.29,1
64.27,119.47,1
67.3,122.71,1
65.07,142.05,0
68.69,170.35,0
63.65,115.19,1
65.91,134.82,0
66.47,152.33,0
66.23,152.21,0
63.62,105.7,1
65.39,111.97,1
68.76,159.87,0
66.23,153.15,0
72.57,184.64,0
64.58,144.34,0
65.92,119.53,1
72.57,184.77,0
63.9,129.51,1
63.85,120.31,1
61.82,127.93,1
71.57,161.99,0
68.97,158.64,0
68.6,127.7,1
69.41,166.87,0
65.55,119.67,1
67.81,151.01,0
62.71,147.29,0
61.37,123.69,1
65.53,152.86,0
66.88,153.97,0
66.79,157.03,0
75.96,168.02,0
61.1,121.54,1
66.65,154.92,0
61.83,118.69,1
67.69,160.57,0
62.85,116.44,1
65.61,123.71,1
64.29,99.71,1
63.18,125.37,1
63.89,119.33,1
65.44,118.81,1
61.46,115.33,1
72.19,158.25,0
67.19,150.94,0
64.74,106.83,1
70.09,152.15,0
64.46,114.24,1
68.82,165.02,0
64,107.81,1
60.92,97.71,1
58.96,112.75,1
65.66,121.42,1
67.71,158.13,0
66.14,111.7,1
67.01,157.25,0
69.42,138.84,0
68.95,139.47,0
61.03,128.78,1
61.68,114.55,1
69.83,158.02,0
70.3,169.03,0
74.5,161.04,0
60.28,111.13,1
71.31,165.03,0
62.78,153,0
68.63,155.15,0
66.38,167.72,0
64.11,130.04,0
60.63,133.21,0
68.05,162.58,0
70.49,146.14,0
68.64,165.63,0
68.05,170.32,0
67.41,143.87,1
63.8,141.85,0
71.56,164.41,0
62.16,129.98,1
69.55,181.99,0
66.48,123.11,1
71.81,147.89,0
68.61,162.01,0
64.64,114.83,1
64.21,118.53,1
69.53,174.85,0
67.83,153.19,0
57.81,104.6,1
67.04,163.82,0
64.45,117.64,1
66.26,109.63,1
67.78,134.51,1
66.95,153.24,0
60.52,98.94,1
69,157.45,0
66.6,163.32,0
63.5,113.47,1
71.72,161.13,0
67.03,123.47,1
66.9,171.17,0
61.17,108.59,1
66.17,135.44,0
63.69,116.62,1
64.19,110.92,1
72.44,173.25,0
65.37,117.48,1
63.09,114.38,1
65.87,140.09,0
74.45,190.12,0
65.64,136.49,0
68,133.59,1
64.71,116.86,1
63.47,117.18,1
68.74,128.4,1
69.92,122.64,1
69.5,131.76,1
61.65,115.68,1
74,173.81,0
70.43,120.43,1
66.02,111.47,1
62.04,110.71,1
64.21,100.43,1
65.39,114.27,1
63.37,119.33,1
67.66,140.47,1
60.13,109.02,1
67.83,158.35,0
66.68,136.74,1
61.78,102.9,1
67.58,150.78,0
69.55,164.88,0
63,148.07,0
63.17,122.61,1
71.72,160.87,0
64.21,113.11,1
66.82,169.15,0
65.72,138.77,0
61.5,116.33,1
70.53,164.97,0
63.88,134.28,0
68.22,151.68,0
66.23,103.99,1
68.36,172.24,0
68.49,144.08,0
62.89,114.43,1
74.11,183.26,0
70.63,137.39,0
60.45,107.46,1
66.27,117.66,1
64.36,125.5,1
69.43,120.59,1
60.9,112.37,1
70.97,128.86,1
60.73,108.25,1
67.57,132.29,1
71.68,153.87,0
60.57,98.71,1
63.86,152.09,0
66.2,115.09,1
69.42,149.35,0
65.69,106.28,1
67.58,156.52,0
64.37,119.38,1
66.62,162.27,0
66.69,166,0
62.52,122.3,1
66.55,163.62,0
71,173.01,0
73.36,154.08,0
77.18,182.62,0
70.35,164.04,0
71.98,172.09,0
64.8,148.4,0
66.6,171.75,0
64.3,114.45,1
70.54,155.87,0
65.45,111.19,1
69.91,147.56,0
65.81,118.07,1
68,141.38,0
66.39,177,0
67.58,153.62,0
62.71,111.28,1
66,144.97,0
65.64,111.6,1
63.38,121.7,1
62.64,128.75,1
66.51,140.32,1
66.24,120.99,1
63.37,116.54,1
73.02,163.98,0
61.25,123.99,1
75.8,173.39,0
66,147.17,0
62.97,147.71,0
72.53,163.62,0
65.8,110.63,1
67.73,133.74,1
65.19,122.53,0
58.22,108.46,1
65.56,147.75,0
62.04,120.57,1
66.52,139.49,1
68.14,178.53,0
69.61,137.07,1
60.61,114.24,1
63.69,116.97,1
66.21,103.53,1
73.66,175.46,0
63.31,117.03,1
64.74,132.04,0
68.3,127.83,1
65.46,119.16,1
69.2,131.92,1
69.3,166.03,0
74,170.68,0
66.14,150.15,0
75.48,175.32,0
62.33,128.24,1
66.12,117.44,1
59.03,99.08,1
67.61,161.7,0
68.42,156.71,0
63.54,106.25,1
63.49,114.31,1
66.55,126.63,1
68.76,171.81,0
66.18,102.96,1
60.59,110.64,1
59.35,105.06,1
66.99,134.87,1
59.99,106.81,1
59.93,108.12,1
66.5,157.53,0
64.78,112.9,1
66.31,168.96,0
68.83,157.95,0
58.86,101.83,1
64.38,118.3,1
69.04,158.14,0
69.21,150.07,0
62.94,116.58,1
63.61,116.95,1
57.17,100.32,1
65.89,147.31,0
64.99,115.19,1
63.28,107.1,1
61.63,121.69,1
66.05,150.21,0
65.26,119.57,0
70.31,181.21,0
60.35,117.84,1
67.62,129.53,1
69.45,152.7,0
69.23,141.76,0
64.65,108.71,1
68.23,160.08,0
68.36,173.42,0
70.35,128.29,1
64.59,119.61,1
64.79,157.28,0
63.3,134.87,1
72.68,173.4,0
67.28,155,0
70.68,144.99,0
66.69,143.61,1
66.87,141.4,0
66.55,128.89,1
69.5,153.12,0
65.12,110.64,1
70.79,163.01,0
61.84,104.39,1
68.99,168.14,0
70.71,153.31,0
63.19,112.67,1
64.74,121.25,1
69.31,134.07,1
62.25,103.76,1
68.81,168.44,0
68.99,161.45,0
73.04,165.55,0
67.68,170.95,0
67.22,121.99,1
69.44,140.9,0
64.53,113.82,1
59.64,111.2,1
71.72,164.27,0
72.16,177.72,0
64.47,124.01,1
70.56,155.28,0
67.21,162.93,0
70,176.67,0
70.14,146.28,0
61.94,114.38,1
71.87,153.67,0
62.16,107.81,1
70.25,159.13,0
71.03,164.73,0
62.54,108.04,1
69.05,158.77,0
72.96,176.01,0
63.65,115.74,1
64.77,126.2,1
62.85,141,0
62.66,115.14,1
67.09,118.2,1
67.3,180.37,0
67.16,155.56,0
67.98,139.12,0
61.06,121.45,1
67.61,162.6,0
64.03,112.93,1
70.06,154.25,0
70.87,159.97,0
63.09,117.82,1
68.4,150.96,0
69.04,146.8,0
72.33,172.71,0
66.25,115.5,1
67.04,126.72,1
61.91,105.4,1
69.33,160.87,0
63.75,128.27,1
63.96,125.29,1
64.3,106.59,1
74.08,179.88,0
69.02,164.91,0
68.71,159.56,0
62.16,118.15,1
69.78,150.45,0
65.14,139.74,0
63.69,106.56,1
66.65,152.09,0
70.31,173.79,0
64.26,115.23,1
67.9,131.86,1
72.25,164.31,0
60.56,110.75,1
69.93,169.31,0
64.6,119.05,1
61.17,119.8,1
62.17,161.6,0
68.09,163.65,0
61.49,114.97,1
66.33,150.79,0
65.86,119.69,1
68.44,163.58,0
66.47,174.01,0
60.83,106.36,1
68.95,172.06,0
73.8,151,0
70.48,162.58,0
70.66,150.11,0
63.85,123.04,1
68.78,166.77,0
62.86,117.9,1
57.8,105.36,1
71.79,164.7,0
76.75,165.43,0
75.36,174.6,0
64.52,108.89,1
58.78,97.68,1
71.35,158.57,0
67.13,164.49,0
61.23,109.69,1
70.28,158.53,0
73.81,171.6,0
64.24,124.7,1
59.85,114.78,1
65.76,135.45,0
58.78,95.59,1
69.45,162.69,0
65.65,112.7,1
67.3,147.86,0
63.1,148.4,0
74.5,161.36,0
74.15,202.18,0
70.4,152.45,0
66.55,129.38,1
65.65,112.13,1
71.77,162.51,0
67.84,151.88,0
65.19,113.02,1
60.9,110.38,1
62.49,115.15,1
69.38,162.34,0
68.19,145.25,1
62.82,107.96,1
60.86,101.92,1
63.81,127.06,1
64.23,139.57,0
70.22,157.62,0
74.31,176.54,0
73.6,190.36,0
66.21,119.69,1
70.63,157.97,0
70.09,143.71,0
77.33,175,0
67.11,162.55,0
64.73,118.17,1
70.6,160.4,0
68.73,160.39,0
66.4,127.57,1
68.28,165.43,0
68.28,160.51,0
64.87,122.49,1
66,149.95,0
65.18,122.65,1
69.44,160.94,0
68.78,153.4,0
70.22,174.99,0
69.47,160.05,0
63.97,118.69,1
62.53,127.76,1
61.83,119.24,1
67.19,163.06,0
62.12,113.61,1
67.05,174.36,0
71.58,151.71,0
59.89,104.84,1
67.62,164.37,0
69.68,132.53,1
70.17,156.32,0
63,107.71,1
72.68,173.25,0
69.52,164.81,0
68.45,149.6,0
69.95,114.33,1
63.49,114.86,1
72.73,176.16,0
63.07,125.51,1
67.71,158,0
65.59,142.89,0
62.54,115.93,1
62.55,110.9,1
64.57,120.21,1
60.76,110.96,1
70.01,145.46,0
64.2,107.57,1
66.63,171.9,0
63.99,113.42,1
61.82,107.49,1
67.93,167.61,0
65.93,116.18,1
69.84,138.24,1
64.25,147.2,0
63.2,102.52,1
63.47,127.97,1
72.96,174.91,0
72.35,173.69,0
71.63,153.66,0
63.54,124.85,1
69.73,145.93,0
67.27,173.03,0
68.29,175.31,0
63.02,116.27,1
63.55,114.87,1
60.59,94.8,1
61.69,115.8,1
65.2,110.68,1
64.39,128.3,1
69.8,148.41,0
71.25,149.92,0
60.46,107.51,1
66.58,128.24,1
71.28,158.44,0
65.87,126.13,1
73.67,196.96,0
72.03,201.78,0
63.38,118.22,1
65.76,153.35,0
66.67,157.09,0
64.23,112.61,1
65.57,115.7,1
64.01,148.69,0
65.2,114.78,1
63.6,122.21,1
61.85,109.58,1
69.26,163.29,0
67.54,163.85,0
67.6,133.68,1
61.17,142.64,0
69.38,162.66,0
68.3,175.97,0
64.83,112.76,1
69.3,167.54,0
64.41,140.49,0
69.27,128.44,1
68.82,142.2,1
59.18,99.91,1
60.09,114.79,1
61.31,117.93,1
66.01,133.51,0
60.1,109.81,1
70.99,160.67,0
62.26,103.82,1
70.16,143.31,0
63.13,116.73,1
65.5,108.97,1
68.28,162.79,0
75.6,188.33,0
64.18,105.07,1
62.79,118.74,1
75.91,171.71,0
70.45,150.85,0
66.64,140.64,1
66.67,149.97,0
68.84,139.99,1
58.34,96.5,1
63.35,104.62,1
68.22,156.38,0
65.02,122.7,1
65.66,119.19,1
71.77,161.26,0
62.53,109.84,1
60.36,105.33,1
63.13,107.01,1
68.87,157.44,0
61.21,118.52,1
59.91,107.21,1
61.01,120.56,1
73.35,178.75,0
66.65,130.13,1
70.61,167.4,0
58.79,102.59,1
71.55,156.69,0
65.61,114.82,1
68.7,162.56,0
66.01,109.02,1
64.43,117.89,1
74.34,163.46,0
66.72,159.82,0
61.62,117.35,1
67.87,174.24,0
73.18,192.73,0
62.73,146.36,0
67.47,163.69,0
67.09,178.43,0
64.14,116.06,1
63.54,106.8,1
68.36,159.51,0
67.67,152.84,0
64.69,128.32,0
69.76,164.61,0
67.21,143.2,0
71.1,159.37,0
69.74,170.81,0
67.14,132.73,1
65.43,134.75,0
66.84,118.29,1
63.09,118.25,1
59.45,107.28,1
63.32,107.52,1
64.56,146.07,0
69.19,162.75,0
63.51,120.96,1
64.13,123.2,1
65.02,122.52,0
69.47,151.37,0
65.61,132.28,1
70.56,164.3,0
64.6,127.71,1
64.51,133.05,0
67.92,173.51,0
68.6,168.44,0
61.5,117.79,1
66.51,144.99,0
66.42,147.83,0
67.81,167.17,0
68.12,128.39,1
70.41,168.58,0
71.17,146.24,0
68.64,165.65,0
58.7,114.14,1
69.18,157.49,0
65.8,132.74,0
68.65,150.46,0
68.62,169.79,0
59.83,103.23,1
69.05,158.57,0
64.13,109.62,1
65.11,101.21,1
70.86,169.46,0
70.76,162.97,0
71.4,149.63,0
65.53,100.48,1
63.04,102.12,1
68.43,144.79,0
71.3,163.54,0
66.73,174.35,0
65.19,119.06,1
67.58,154.06,0
68.37,150.94,0
67.21,143.62,0
72.2,175.19,0
63.38,104.3,1
72.65,174.78,0
66.69,165.88,0
64.97,119.71,1
66.53,124.97,1
67.62,158.94,0
73.01,178.43,0
68.45,156.81,0
66.06,148.23,0
66.38,111.74,1
70.57,155.03,0
69.81,154.75,0
68.68,159.65,0
70.43,165.51,0
68.89,152.33,0
66.75,136.8,0
61.09,112.72,1
70.28,173.11,0
62.73,120.54,1
57.99,111.54,1
70.92,149.98,0
72.57,175.1,0
69.91,174.9,0
63.71,123.75,1
68.24,158.52,0
63.57,101.92,1
58.13,102.55,1
71.45,169.73,0
66.6,128.87,1
68.6,154.48,0
67.16,150.28,0
65.97,141.91,0
73.48,157.71,0
61.87,111.4,1
60.87,106.39,1
66.48,125.49,1
65.52,113.58,1
66.58,153.22,0
64.02,163.88,0
66.63,126.02,1
60.84,115.07,1
69.04,164,0
67.08,152.92,0
66.05,124.4,1
70.89,156.22,0
58.46,100.92,1
63.91,114.43,1
66.45,136.48,1
59.3,94.02,1
64.47,131.7,0
67.81,140.09,1
68.53,158.41,0
62.89,110.67,1
62.21,106.79,1
66.57,157.96,0
58.91,111.94,1
60.01,111.21,1
63.27,111.08,1
73.04,168.9,0
62.77,118.26,1
67.07,161.55,0
66.25,112.42,1
67.69,161.53,0
63.72,124.45,1
68.87,168.51,0
72.81,180.32,0
71.2,158.57,0
70.67,145.42,0
62.36,108.95,1
65.67,141.82,0
61.83,108.22,1
67.09,163.35,0
66.1,138.57,0
68.6,162.11,0
71.02,152.5,0
68.27,120.33,1
61.25,103.43,1
64.77,113.99,1
62.7,143.29,0
69.71,133.73,1
67.93,180.76,0
61.82,106.97,1
64.12,121.61,1
68.28,173.6,0
61.73,107.05,1
67.65,170.73,0
66.07,138.61,0
66.54,137,0
65.06,118.72,1
69.37,155.97,0
66.12,153.81,0
70.09,168.69,0
61.82,117.1,1
61.48,106.64,1
68.65,139.9,0
69.99,152.88,0
66.98,167.26,0
75.77,168.31,0
69.7,152.21,0
67.34,154.5,0
66.49,126.8,1
63.51,114.77,1
68.44,158.22,0
68.54,173.81,0
67.78,170.59,0
63.24,122.58,1
65.92,121.46,1
67.95,152.58,0
66.76,125.22,1
73.27,169.03,0
65.51,150.97,0
75.67,181.71,0
66.49,126.17,1
62.96,153.84,0
63.46,117.26,1
69.68,170.62,0
60.78,109.53,1
64.74,119.26,1
65.68,109.04,1
68.43,146.7,0
62.16,143.68,0
71.62,174.95,0
65.71,113.88,1
70.58,151.59,0
62.39,127.95,1
62.41,114.44,1
72.12,181.87,0
67,154.05,0
63.47,118.46,1
63.92,133.79,0
72.82,183.35,0
65.57,118.44,1
68.72,172.85,0
62.84,111.29,1
63.3,118.96,1
69.37,170.9,0
64.05,116.32,1
64.21,119.88,1
72.06,169.6,0
69.79,178.38,0
67.84,171.96,0
72.43,181.5,0
66.23,118.3,1
61.88,120.17,1
67.23,139.8,1
65.57,121.61,1
72.91,171.62,0
60.04,100.73,1
61.76,104.48,1
62.53,114.7,1
63.35,111.42,1
64.78,112.62,1
70.17,149.68,0
65.28,115.81,1
65.69,104.26,1
67.35,150.86,0
65.69,113.53,1
63.52,116.95,1
73.54,184.26,0
68.96,174.75,0
61.64,114.24,1
66.36,157.76,0
69.03,169.71,0
71.76,168.45,0
63.09,106.63,1
66.54,144.85,0
70.09,151.65,0
61.41,111.7,1
65.48,131.74,0
63.05,120.7,1
65.82,147.96,0
75.41,163.22,0
59.89,112.8,1
68.95,155.4,0
58.72,112.4,1
66.75,135.97,1
61.79,109.28,1
62.49,105.51,1
67.59,163.13,0
70.23,164.88,0
70.74,153.01,0
68.39,157.89,0
70.78,167.77,0
63.46,124.43,1
69.02,164.5,0
72.7,170.95,0
64.58,125.97,0
62.01,105.73,1
60.68,98.27,1
64.88,106.99,1
62.94,125.32,1
61.59,123.35,1
71.5,165.55,0
62.04,121.75,1
73.41,162.94,0
60.38,102.78,1
67.95,166.77,0
63.49,106.39,1
68.08,126.75,1
65.73,143.63,0
68.47,147.17,0
66.56,132.77,1
73.9,155.67,0
74.09,175.92,0
75.51,166.91,0
63.48,145.53,0
70.92,150.69,0
67.9,159.75,0
69.59,171.1,0
60.93,98.08,1
68.37,155.6,0
66.61,155.7,0
60.82,106.03,1
60.81,103.81,1
72.15,184.56,0
63.52,111.56,1
68.58,146.92,0
68.86,160.78,0
66.07,135.82,0
69.77,125.96,1
62.75,112.02,1
67.88,118,1
62.9,117.36,1
59.98,99.13,1
64.18,139.04,0
67.26,138.83,1
67.75,147.39,0
60.61,103.08,1
60.82,151.3,0
66,133.22,0
66.13,137.06,0
67.8,119.77,1
63.47,111.04,1
66.46,140.45,0
74.24,172.1,0
68.84,147.53,0
68.85,160.36,0
59.89,105.36,1
63.1,116.03,1
65.68,118.77,1
74.92,172.95,0
62.85,114.49,1
67.5,165.61,0
66.97,148.81,0
67.94,161.2,0
67.68,165.37,0
60.04,114.24,1
63.83,141.61,0
75.85,172.42,0
72.47,173.85,0
64.22,111.88,1
65.3,132.42,0
63.53,128.59,1
68.89,155.53,0
67.93,129.06,1
64.55,155.86,0
72.64,188.33,0
72.43,176.52,0
62.8,114.39,1
67.85,169.35,0
64.99,135.75,0
65.03,108.45,1
60.36,109.15,1
70.82,156.16,0
72.91,178.82,0
63.63,117.82,1
71.46,159.93,0
70.01,151.08,0
67.1,150.81,0
63.55,111.18,1
69.25,162.51,0
62.76,116.78,1
68.86,148.41,0
70.26,166.19,0
67.39,154.82,0
74.88,174.38,0
68.04,146.25,0
63.59,94.37,1
64.51,148.62,0
55.45,106.88,1
62.8,124.44,1
65.65,133.32,0
72.38,197.08,0
62.03,102.64,1
72.2,167.05,0
64.45,107.02,1
68.92,169.17,0
69.24,166.69,0
65.52,114.59,1
61.18,111.43,1
63.18,121.64,1
68.11,131.4,1
63.48,119.97,1
59.62,111.25,1
65.46,117.1,1
72.19,166.88,0
63.56,125.46,1
66.27,135.03,0
67.56,165.17,0
59.68,104.99,1
68.08,161.89,0
66.78,139.63,1
62.3,100.91,1
64.66,152.25,0
56.97,104.25,1
66.7,121.57,1
69.86,140.01,1
64.25,118.35,1
62.65,107.87,1
60.63,111.25,1
69.35,166.43,0
69.73,169.52,0
71.08,158.26,0
62.6,123.72,1
64.91,112.94,1
65.54,138.28,0
68.58,179.86,0
70.47,171.04,0
64.86,110.38,1
61.91,122.16,1
62.95,104.04,1
65.67,113.17,1
69.52,153.5,0
71.03,125.38,1
72.19,187.87,0
64.97,117.23,0
66.35,123.12,1
69.47,152.52,0
66.5,144.36,0
69.51,157.55,0
70.52,161.34,0
58.45,111.26,1
66.44,153.23,0
68.33,181.12,0
69.63,160.35,0
59.1,104.08,1
70.21,146.35,0
60.81,106.86,1
65.17,120.2,1
67.93,146.08,0
64.44,102.02,1
67.03,142.18,0
70.59,152.45,0
60.55,105.52,1
62.27,132.73,1
64.46,103.08,1
66.21,124.96,1
57.65,99.46,1
69.62,143.94,0
62.52,106.74,1
59.8,112.5,1
58.32,99.64,1
71.31,149.88,0
66.29,113.29,1
63.23,117.95,1
62.63,120.35,1
65.89,128.07,1
71.91,167.92,0
67.93,158.12,0
63.33,117.35,1
70.61,147.41,0
71.96,171.98,0
70.9,176.01,0
69.15,171.15,0
72.72,175.89,0
69.02,138.41,1
67.08,137.24,0
63.71,100.39,1
75.59,169.16,0
63.54,110.42,1
62.86,114.74,1
61.32,107.49,1
61.45,119.33,1
72.18,183.26,0
65.44,149.39,0
69.49,164.31,0
65.92,105.35,1
71.79,140.64,1
71.81,152.4,0
68.99,162.17,0
66.39,113.06,1
68.7,162.51,0
66.75,154.61,0
71.3,168.99,0
62.08,138.03,0
72.85,199.8,0
70.29,137.07,1
61.26,103.69,1
70.07,157.75,0
71.12,161.7,0
66.76,138.3,1
71.44,158.93,0
67.42,135.37,1
69.98,157.55,0
58.81,104.88,1
62.99,123.83,1
61.78,124.59,1
65.4,121.6,1
63.79,120.18,1
67.26,158.47,0
64.68,109.97,1
62.32,110.4,1
60.13,109.24,1
63.27,115.04,1
63.59,112.05,1
67.85,172.45,0
68.37,167.49,0
61.53,109.28,1
62.08,106.92,1
69.94,128.53,1
64.18,113.19,1
62.71,114.12,1
62.63,140.94,0
70.26,136.77,0
63.99,121.49,1
63.73,106.49,1
67.01,129,1
68.98,154.79,0
69.96,156.69,0
65.83,117.31,1
67.37,172.17,0
63.2,115.7,1
71.87,141.7,0
71.34,157.06,0
70.34,161.51,0
66.06,130.26,0
69.71,150.7,0
61.07,115.58,1
63.32,112.54,1
61.78,119.59,1
69.8,154.35,0
65.09,116.71,1
64.82,107.61,1
67.9,151.43,0
69.2,157.48,0
62.52,119.34,1
68.58,162.51,0
64.19,115.68,1
63.82,109.87,1
71.14,179.09,0
64.07,118.11,1
69.01,163.57,0
64.79,120.97,1
67.29,164.77,0
71.37,163.92,0
62.85,109.2,1
75.9,163.9,0
61.3,106.57,1
71.62,154.72,0
68.29,140.83,1
69.3,158.93,0
65.76,139.94,0
68.25,170.53,0
66.94,131.95,1
66.25,122.26,1
60.62,114.4,1
68.16,128.67,1
70.16,159.07,0
60.98,102.24,1
72.5,182.85,0
71.33,153.66,0
64.96,122.93,1
68.64,153.71,0
70.82,147.13,0
63.24,110.86,1
63.82,118.23,1
67.44,170.8,0
67.53,153.96,0
76.69,166.32,0
71.38,152.78,0
64.59,115.76,1
69.13,162.03,0
65.65,116.29,1
66.8,157.16,0
61.41,117.16,1
65.36,100.43,1
65.75,126.08,1
73.63,196.88,0
59.54,111.52,1
69.76,165.39,0
71.42,171.16,0
63.68,110.53,1
69.1,130.81,1
69.04,180.28,0
65.74,138.92,0
69.16,159.7,0
62.79,120.78,1
68.99,149.28,0
63.26,114.57,1
66.62,180.03,0
70.54,146.89,0
65.55,149.14,0
64.66,116.28,1
63.48,109.67,1
62.55,132.42,1
76,187.82,0
71.22,188.55,0
71.1,162.28,0
63.2,121.19,1
70.37,159.85,0
71.59,171.24,0
67.62,127.85,1
68.88,158.86,0
68.57,161.96,0
64.12,113.61,1
67.59,156.83,0
63.13,117.93,1
65.19,115.11,1
58.99,106.54,1
66.79,120.54,1
63.04,106.83,1
61.9,114.26,1
61.73,130.05,1
64.84,108.96,1
65.48,117.21,1
60.99,107.92,1
71.8,161.35,0
58.85,103.86,1
72.14,173.57,0
68.09,162.33,0
66.65,125.19,1
63.02,115.39,1
64.73,116.55,1
58.86,114.34,1
64.65,131.54,0
73.21,159.59,0
72.07,178.78,0
66.5,157.84,0
71.39,166.62,0
67.1,121.28,1
64.39,114.55,1
65.14,98.61,1
66.27,165.68,0
66.02,127.81,1
71.84,155.11,0
64.22,123.38,1
62.03,104.35,1
59.94,113.55,1
60.3,107.21,1
65.12,117.01,1
71.34,164.05,0
62.59,111.03,1
68.59,171.55,0
71.54,152.4,0
66.13,148.74,0
64.39,126.81,1
62.19,122.12,1
68.7,147.33,0
68.32,180.98,0
64.64,143.68,0
61.6,108.28,1
65.33,129.79,1
68.88,148.79,0
70.71,175.79,0
68.74,158.15,0
67.88,176.29,0
68.6,158.73,0
57.99,98.14,1
66.42,162.62,0
62.23,113.77,1
56.98,96.2,1
70.36,151.33,0
76.52,179.93,0
61.79,112.32,1
63.79,134.18,0
61.87,116.71,1
75.94,164.75,0
64.93,151.76,0
61.82,124.48,1
76.28,173.97,0
62.55,115.83,1
61.5,110,1
64.27,121.28,1
60.29,114.88,1
69.97,157.15,0
66.44,166.79,0
69,166.99,0
59.97,98.6,1
66.16,143.11,0
68.93,156.16,0
63.79,109.69,1
66.49,126.05,1
63.28,114.49,1
66.89,173.45,0
69.25,166,0
69.55,164.71,0
59.29,111.63,1
61.23,112.44,1
69.93,172.55,0
67.76,152.83,0
63.45,119.8,1
66.42,149.37,1
63.03,112.77,1
63.66,115.86,1
63.57,108.3,1
60.63,115.39,1
67.67,168.11,0
61.39,106.31,1
73.79,181.21,0
65.93,146.89,0
69.1,160.49,0
68.56,115.32,1
64.15,121.05,1
68.91,151.8,0
64.64,109.61,1
68.93,180.95,0
67.1,132.45,1
69.6,163.98,0
67.68,134.21,1
70.51,163.67,0
71.28,159.25,0
69.88,151.85,0
61.79,105.12,1
62.56,115.02,1
67.98,150.95,0
74.06,172.24,0
62.12,106.96,1
60.38,122.13,1
59.92,106.48,1
69.08,175.97,0
69.81,157.37,0
64.78,118.85,1
72.31,170.86,0
69.48,166.38,0
70.51,158.9,0
63.31,110.49,1
65.59,128.31,1
63.94,159.14,0
67.87,166.67,0
67.43,165.84,0
65.9,116.01,1
67.82,161.71,0
63.99,138.74,0
67.99,168.9,0
65.99,107.47,1
61.7,117.29,1
60.18,113.37,1
68.76,120.63,1
62.15,118.02,1
65.73,112.91,1
73.8,151.22,0
65.52,133.98,0
61.63,110.97,1
71.53,158.7,0
62.52,127.13,1
61.42,109.83,1
65.68,105.58,1
63.73,129.15,1
66.93,157.06,0
65.74,152.19,0
63.22,118.77,1
67.45,140.75,1
70.88,134.85,0
71.08,165.27,0
60.74,109.32,1
68.3,167.48,0
61.48,123.28,1
68.62,141.11,0
62.82,103.57,1
62.61,127.34,1
62.56,111.37,1
73.15,177.18,0
61.85,125.04,1
62.47,110.85,1
66.41,147.16,0
59.15,101.87,1
62.43,106.93,1
63.65,114.75,1
56.95,98,1
72.47,176.04,0
65.08,115.33,1
67.83,126.48,1
65.68,120.57,1
69.8,167.64,0
62.95,140.06,0
65.44,118.36,1
67.53,139.74,0
67.15,160.35,0
64.69,106.16,1
63.3,109.7,1
62.67,111.55,1
66.27,158.88,0
67.93,158.6,0
70.43,142.96,0
67.44,129.11,1
70.8,162.44,0
69.03,161.92,0
62.3,107.29,1
63.61,121.18,1
65.46,108.67,1
63.77,117.74,1
58.8,104.1,1
64.37,121.47,1
60,102.19,1
71.15,179.27,0
63.34,139.35,0
73.5,169.36,0
69.55,170.06,0
66.48,162.1,0
67.98,155.82,0
65.4,134.72,0
69.45,162.5,0
75.22,175.75,0
64.83,118.26,1
62.13,108.66,1
67.08,165.8,0
68.19,167.49,0
64.38,121.69,1
68.95,160.11,0
69.46,118.99,1
65.15,111.99,1
69.99,159.39,0
61.21,117.98,1
65.66,111.87,1
60.24,111.8,1
63.65,151.31,0
71.65,147.76,0
62.35,111.07,1
58.71,102.37,1
69.34,173.36,0
65.29,121.05,1
67.29,124.7,1
59.67,115.98,1
69.08,143.71,0
66.77,135.72,1
60.65,112.44,1
66.47,156.29,0
61.87,115.26,1
66.44,114.76,1
67.55,135.48,1
67.05,154.1,0
64.85,118.65,1
69.45,146.94,0
66.18,105.89,1
64.26,115.23,1
60.8,103.96,1
65,115.8,1
65.06,119.01,1
71.59,130.07,1
73.91,160.41,0
65.08,126.93,1
69.62,141.03,0
73.81,175.63,0
62.65,121.26,1
65.61,115.32,1
62.26,113.49,1
64.93,124.76,1
64.38,140.61,0
65.49,111.18,1
73.34,188.54,0
59.77,102.79,1
72.27,149.66,0
66.34,179.17,0
65,115.89,1
72.82,188.04,0
68.79,158.7,0
64.1,116.19,1
70.81,163.74,0
63.72,122.18,1
64.06,114.38,1
63,149.44,0
70.56,165.9,0
68.47,142.71,0
67.71,156.48,0
68.03,166.74,0
64.29,116.8,1
68.74,162.37,0
61.92,146.94,0
65.44,117,1
65.05,110.73,1
65.43,124.54,1
67.69,154.21,0
72.11,177.21,0
73.85,165.3,0
69.5,174.01,0
62.66,109.29,1
74.95,175.1,0
65.19,134.25,0
73.78,196.73,0
68.99,143.61,0
58.66,115.67,1
69.19,160.3,0
56.74,109.86,1
69.38,166.18,0
67.6,131.32,1
65.25,148.12,0
70.2,162.15,0
59.96,115.89,1
60.75,97.06,1
64.1,118.79,1
66.96,153.05,0
68.3,159.69,0
64.46,118.35,1
71.97,153.03,0
66.72,126.39,1
61.95,116.54,1
62.93,90.98,1
60.62,107.43,1
72.07,200.85,0
70.99,158.98,0
70.49,170.38,0
66.39,156.91,0
62.84,112.7,1
73.61,170.86,0
57.57,114.85,1
72.78,188.41,0
64.45,123.8,1
65.67,106.76,1
69.95,158.18,0
68.9,148.4,0
66.54,158.43,0
68.22,176.14,0
64.65,101.66,1
65.72,110.19,1
62.14,108.13,1
62.82,110.96,1
71.08,164.57,0
73.79,185.48,0
67.46,156.37,0
70.06,154.23,0
74.13,166.25,0
67.52,167.85,0
64.21,133.08,0
66.61,121.87,1
63.09,119.73,1
68.02,125.64,1
72.62,187.39,0
59.15,116.34,1
63.64,121.88,1
63.67,110.31,1
65.11,128.91,0
61.53,109.13,1
67.62,164.07,0
66.78,129.85,1
60.11,101.03,1
67.86,155.33,0
68.68,153.63,0
69.91,150.77,0
66.59,127.13,1
68.52,157.86,0
66.38,166.5,0
71.68,162.56,0
62.98,119.53,1
65.02,114.98,1
59.79,100.43,1
65.34,144.69,0
72.3,182.37,0
73.01,172.18,0
61.97,108.16,1
68.89,172.99,0
69.15,178.8,0
68.34,157.72,0
68.94,162.31,0
69.63,170.7,0
69.1,154.35,0
64.33,114.65,1
57.75,95.98,1
66.19,112.46,1
64.39,107.16,1
70.23,148.16,0
62.94,118.4,1
65.19,120.55,1
71.41,162.41,0
70.75,155.98,0
71.24,161.4,0
66.35,117.95,1
63.69,113.49,1
69.28,158.39,0
67.34,162.01,0
75.72,175.98,0
69.3,156.38,0
64.43,112.19,1
59.5,108.67,1
67.19,125.53,1
68.92,140.43,0
63.98,126.7,1
76.12,159.38,0
60.76,106.25,1
63.85,118.64,1
63.38,110.14,1
66.44,140.95,1
63.33,105.84,1
66.29,125.22,1
65.14,135.65,0
67.3,132.28,1
66.14,139.69,0
66.34,170.62,0
64.21,156.1,0
63.32,124.76,1
62.15,115.94,1
67.93,149.6,0
61.84,119.41,1
62.29,140.26,0
63.04,105.74,1
66.83,164.43,0
64.26,108.95,1
63.01,151.01,0
66.27,111,1
64.34,99.99,1
61.05,100.96,1
67.11,122.43,1
59.29,107.51,1
57.47,98.19,1
61.5,105.41,1
71.08,159.91,0
60.74,103.99,1
66.95,141.32,1
67.34,168,0
61.52,110.27,1
68.54,183.68,0
67.69,169.44,0
67.11,117.81,1
66.1,147.58,0
62.67,108.87,1
60.86,110.15,1
64.28,118.72,1
70.37,155.3,0
62.34,134.51,1
66.94,126.53,1
67.46,150.14,1
65.61,118.41,1
69.39,143.62,0
64.14,107.19,1
67.79,128.33,1
70.04,155.41,0
70.68,147.38,0
62.34,104.58,1
61.49,111.32,1
68.53,166.48,0
67.24,163.46,0
71.45,145.77,1
70.04,166.23,0
65.15,111.18,1
62.25,111.75,1
64.48,115.81,1
71.23,148.61,0
65.06,116.06,1
70.11,156.5,0
68.57,160.46,0
71.95,154.31,0
61.6,104.07,1
64.45,114.86,1
72.86,196.77,0
64.09,125,1
65.17,138.71,0
64.79,120.9,1
64.98,115.27,1
69.84,169.95,0
67.08,164.32,0
60.66,100.97,1
62.11,112.88,1
70.99,154.56,0
72.87,180.16,0
65.33,113.28,1
63.59,114.71,1
67.82,146.58,0
67.01,131.92,1
60.92,99.43,1
72.01,193.13,0
70.73,160.68,0
68.83,154.2,0
77.51,170.53,0
69.53,172.53,0
60.56,98.11,1
65.16,116.16,1
62.12,126.06,1
77.11,181.53,0
69.43,167.77,0
68.63,160.14,0
67.89,142.97,0
62.76,125.72,1
63.47,121.65,1
66.02,128.29,0
60.81,108.84,1
62.37,121.58,1
65.48,123.49,1
69.68,158.89,0
69.72,145.49,1
67.42,173.75,0
62.76,125.73,1
72.43,178.6,0
66.72,152.69,0
63.33,118.18,1
65.53,152.52,0
59.16,104.9,1
62.93,113.17,1
68.36,157.56,0
67.77,156.51,0
66.08,131.1,0
64.88,117.27,1
70.4,167.35,0
67.34,151.98,0
65.93,123.87,1
62.42,117.36,1
73.28,156.35,0
68.17,131.06,1
67.69,175.45,0
73.5,162.07,0
65.21,122.87,1
69.76,174.13,0
64.41,124.46,1
68.94,155.43,0
70.99,171.56,0
70.37,148.58,0
65.32,126.74,1
67.14,164.27,0
66.28,152.85,0
66.81,166,0
63.76,121.02,1
66.53,123.44,1
69.02,144.84,0
68.87,159.5,0
74.11,179,0
68.55,175.69,0
66.62,130.22,1
70.15,162.09,0
61.5,110.28,1
70.58,164.36,0
68.5,153.57,0
69.55,151.62,0
59.51,97.13,1
65.68,115.31,1
71.45,175.62,0
64.63,111.5,1
62.42,120,1
56.51,100.83,1
68.37,132.04,1
64.27,141.05,0
61.55,110.91,1
65.77,105.28,1
64.38,135.52,0
60.53,104.38,1
61.01,119.33,1
66.07,134.37,0
72.94,175.79,0
69.68,153.35,0
65.2,103.15,1
69.81,166.31,0
63.76,118.07,1
61.05,123.2,1
63.13,116.87,1
69.82,163.9,0
66.96,127.45,1
63.73,109.07,1
61.78,128.43,1
68.68,121.28,1
64.36,154.92,0
68.41,150.54,0
69.71,164.23,0
75.45,186.5,0
68.04,139.7,1
62.91,119.07,1
63.02,109.52,1
65.83,146.81,0
70.94,164.83,0
70.82,176.97,0
70.31,177.8,0
69.47,156.84,0
60.83,102.86,1
63.27,146.26,0
70.36,157.31,0
61.3,161.05,0
62.25,110.91,1
65.72,124.96,1
63.2,115.19,1
68.28,154.53,0
66.56,161.31,0
64.85,99.94,1
64.8,118.83,1
76.33,172.49,0
66.52,156.29,0
73.16,169.31,0
59.62,102.15,1
62.93,120.05,1
70.2,148.42,0
64.03,107.8,1
69.7,122.65,1
61.76,108.62,1
67.17,131.72,1
68.14,142.73,0
69.4,165.42,0
61.77,113.96,1
67.3,154.53,0
64.61,117.27,1
60.89,107.78,1
59.86,108.48,1
67.29,132.57,1
65.39,110.29,1
67.7,181.82,0
62.14,124.81,1
59.64,103.67,1
63.24,108.08,1
66.64,165.12,0
69.5,164.61,0
67.16,143.04,0
71.47,158.6,0
59.54,108.28,1
65.74,115,1
69.12,158.93,0
61.52,116.47,1
70.31,168.93,0
64.22,117.97,1
70.03,152.36,0
70.47,155.72,0
66.66,130.68,1
67.5,126.59,1
68.3,166.56,0
67.55,152.69,0
74,190.28,0
66.05,147.9,0
62.9,108.13,1
71.06,149.06,0
68.72,126.65,1
58.58,102.3,1
69.42,163.33,0
64.56,126.62,1
73.32,148.91,0
65.36,124.07,1
71.75,160.73,0
71.95,163.55,0
73.98,170.8,0
62.17,113.93,1
60.38,102.36,1
65.32,107.46,1
70.09,149.94,0
65.24,138.38,0
62.52,115.13,1
68.97,122.75,1
63.27,107.37,1
63.78,107.01,1
64.67,124.46,1
69.24,162.55,0
65.96,118.8,1
70.26,138.93,0
70.09,151.41,0
66.06,132.53,0
70.93,156.93,0
58.35,103.31,1
70.14,147.42,0
67.82,152.79,0
71.02,163.97,0
62.73,107.16,1
69.66,152.01,0
68.81,161.98,0
56.95,110.11,1
64.21,122.44,1
66.16,111.27,1
68.46,120,1
66.1,113.89,1
69.38,162.63,0
60.72,102.13,1
67.6,128.21,1
61.76,129.63,1
60.43,107.29,1
71.45,161.27,0
67.57,151.07,0
60.59,103.13,1
68.66,151.75,0
74.71,175.4,0
71.68,146.64,0
70.94,152.85,0
72.04,176.18,0
66.31,164.86,0
66.55,153.63,0
59.49,106.49,1
62.98,127.78,1
66.28,168.89,0
65.15,133.75,0
61.11,119.39,1
73.85,170.01,0
70.45,152.38,0
64.05,112.14,1
64.53,139.47,0
63.55,125.84,1
69.4,157.08,0
65.36,107.1,1
68.44,164.18,0
61.71,114.19,1
65.12,128.19,1
60.72,94.02,1
70.7,146.67,0
65.89,111.11,1
62.86,106.63,1
62.82,117.75,1
64.11,119.15,1
63.27,112.08,1
66.3,167.67,0
66.83,167.03,0
72.5,178.83,0
65.98,137.32,0
69.83,176.13,0
60.13,101.26,1
62.48,103.76,1
65.88,118.63,1
65.78,150.31,0
63.29,138.43,0
62.45,115.54,1
68.67,141.02,0
68.33,161.09,0
60.94,107.45,1
66.57,146.21,0
65.75,134.06,0
71.11,168.45,0
59.8,93.83,1
70.51,159.53,0
71.07,180.55,0
68.04,155.86,0
65.8,142.56,0
68.96,154.41,0
61.77,104.05,1
63.94,140.7,0
62.92,114.44,1
66.98,147.63,0
62.32,115.91,1
67.79,119.46,1
71.65,163.47,0
74.29,193.56,0
67.99,148.96,0
65.07,112.26,1
70.28,154.46,0
65.53,142.45,0
65.2,111.84,1
60.62,102.69,1
66.8,132.09,1
70.44,165.9,0
69.27,120.11,1
62.94,123.02,1
64.75,109.85,1
58.28,97.21,1
70.15,164.05,0
65.33,145.64,0
68.41,134.69,1
66.79,127.73,1
68.05,154.77,0
64.28,117.84,1
69.04,151.99,0
63.6,114.44,1
63.35,106.56,1
68.83,153.52,0
72.89,168.14,0
71.09,158.39,0
63.42,118.22,1
63.76,124.61,1
63.13,110.68,1
69.61,125.4,1
65.35,114.87,1
71.43,147.05,0
65.18,117.59,1
67.3,167.48,0
65.42,118,1
67.99,165.67,0
71.47,178.37,0
63.8,119.92,1
70.75,162.96,0
70.45,153.07,0
62.42,151.77,0
65.04,144.67,0
74.62,171.22,0
69.44,167.14,0
65.6,102.92,1
72.65,166.08,0
67.44,153.27,0
59.79,100.83,1
56.77,126.06,1
64.93,133.86,0
61.24,126.13,1
63.95,108.4,1
70.85,134.64,0
71.98,165.88,0
65.36,117.49,1
66.46,136.09,1
66.41,157.42,0
63.84,115.8,1
64.77,113.68,1
69.14,153.19,0
62.76,104.44,1
65.29,100.6,1
66.49,160.11,0
65.57,142.4,0
72.7,180.12,0
65.28,120.91,1
67.65,168.36,0
56.17,103.9,1
67.26,164.04,0
69.69,157.98,0
65.92,137.81,0
62.16,117.43,1
61.99,136.63,0
61.66,109.33,1
71.09,126.13,1
70.41,157.93,0
59.6,116.18,1
70.23,157.11,0
68.06,154.97,0
67.27,155.77,0
62.03,120.18,1
61.17,125.67,1
66.11,137.8,0
70.4,167.13,0
66.17,116.8,1
64.41,110.36,1
63.6,120.33,1
64.72,122.69,1
65.69,140.57,0
69.43,160.89,0
68.94,163.3,0
63.01,115.3,1
63.88,112.8,1
65.92,112.12,1
61.39,106.81,1
75.46,173.91,0
60.54,105.6,1
61.46,118.99,1
62.49,115.4,1
63.75,120.24,1
64.52,119.78,1
65.93,119.27,1
69.95,170.88,0
66.01,120.01,1
71.6,186.22,0
69.42,152.88,0
67.7,152.89,0
65.46,107.41,1
60.72,101.85,1
60.91,106.13,1
62.23,125.6,1
64.7,126.1,1
69.96,158.59,0
73.62,177.89,0
65.98,144.28,0
67.09,161.22,0
68.86,160.03,0
67.36,122.15,1
65.65,151,0
73.44,183.23,0
66.34,141.01,0
65.25,147.55,0
66.32,112.27,1
66.36,155.33,0
63.75,122.28,1
61.51,117.82,1
65.2,112.68,1
68.64,150,0
71.98,156.43,0
64.7,111.03,1
62.37,117.89,1
65.58,122.86,1
71.33,171.24,0
68.93,162.96,0
66.89,127.2,1
66.71,170.89,0
67.95,147.73,0
74.18,176.44,0
67.77,136.32,1
64.16,123.27,1
71.31,167.73,0
66.89,166.49,0
62.74,117.93,1
63.7,120.96,1
69.7,156.35,0
71.73,155.9,0
59.24,105.62,1
66.38,106.12,1
70.5,169.89,0
62.92,108.33,1
61.65,121.97,1
63.89,128.91,0
71.18,169.56,0
61.48,103.49,1
66.96,148.39,0
67.57,156.29,0
66.68,167.89,0
65.95,140.41,0
66.47,144.9,1
58.25,110.76,1
63.85,111.64,1
73.49,188.66,0
71.19,158.99,0
65.09,116.83,1
65.23,111.71,1
71.28,150.96,0
61.65,131.77,1
65.68,118.93,1
66.78,169.72,0
70.66,164.73,0
69.43,155.57,0
62.22,107.04,1
73.17,191.37,0
68.56,160.62,0
74.04,169.21,0
63.83,114.4,1
65.75,120.51,1
66.3,107.79,1
61.8,115.91,1
59.7,116.06,1
64.18,103.23,1
64.32,118.3,1
60.87,131.52,0
68.18,174.29,0
73.43,194.59,0
66.94,152.6,0
75.28,182.27,0
60.52,106.02,1
63.25,107.62,1
60.84,102.72,1
71.88,155.25,0
70.51,149.99,0
69.54,162.34,0
62.28,107.08,1
60.48,95.89,1
55.59,111.49,1
59.15,106.11,1
61.68,127.35,1
62.55,115.72,1
64.76,110.1,1
72.28,186.83,0
70.81,173.36,0
59.82,115.22,1
64.52,120.85,1
68.52,168.62,0
64.05,101.5,1
60.84,100.13,1
63.38,125.68,1
65.37,129.82,1
64.54,118.05,1
68.8,154.38,0
69.04,178.13,0
63.8,117.2,1
64.17,143.82,0
66.3,163.38,0
73.09,194.13,0
69.08,163.01,0
70.25,150.6,0
70.14,147.72,0
64.37,112.89,1
65.21,117.99,0
66.57,125.59,1
62.15,111.64,1
63.53,102.11,1
62.28,121.98,1
71.18,157.7,0
70.46,163.72,0
65.46,107.81,1
67.52,165.85,0
66.33,167.06,0
59.89,101.57,1
70.48,153.26,0
63.79,126.73,1
66.31,110.06,1
66.89,152.23,0
67.35,135.7,1
66.31,127.24,1
63.21,111.32,1
63.83,115.91,1
69.2,159.56,0
62.44,115.25,1
63.87,114.2,1
61.87,118.41,1
69.08,168.06,0
62.62,109.54,1
65.42,111.12,1
66.48,140.65,1
64.73,123.13,1
71.49,148.71,0
68.4,162.2,0
61.21,120.81,1
66.63,162.79,0
68.02,177.23,0
64.03,124.64,1
67.79,159.36,0
60.84,102.39,1
62.53,116.77,1
67.01,123.45,1
58.8,121.85,1
66.55,163.07,0
70.36,166.15,0
75.79,187.32,0
62.28,115.82,1
73.41,171.63,0
71.26,169.64,0
64.03,107.56,1
65.9,120.84,1
71.51,141.73,0
64.76,119.95,1
70.35,147.62,0
64.08,118.76,1
68.1,153.11,0
65.2,108.02,1
62.71,115.55,1
67.05,163.39,0
63.95,111.31,1
64.27,148.2,0
66.69,120.92,1
65.4,148.96,0
67.79,156.06,0
69.51,168.13,0
59.3,113.35,1
61.99,116.48,1
67.62,121.34,1
67.64,161.16,0
65.9,109.52,1
61.72,146.69,0
66.6,120.16,1
68.97,154.27,0
66.61,182.88,0
68.33,163.78,0
69.7,167.73,0
68.75,176.65,0
69.44,139.06,0
63.98,122.29,1
64.95,115.09,1
66.25,132.37,1
64.75,123.17,1
60.41,100.23,1
63.11,112.24,1
71.33,146.75,0
69.34,140.61,0
65.8,146.69,0
66.94,139.74,1
70.3,162.15,0
61.66,120.55,1
67.35,145.07,0
64.35,118.58,1
64.91,112.08,1
68.1,130.71,1
70.67,158.04,0
66.43,116.32,1
67.89,129.51,1
72.54,191.43,0
68.27,154.05,0
67.62,128,1
66.46,130.14,1
72.97,160.09,0
72.65,166.5,0
68.09,168.76,0
65.42,119.39,1
68.27,168.09,0
64.46,124.48,1
64.79,107.19,1
67.94,155.26,0
68.75,155.17,0
62.33,108.61,1
66.51,156.75,0
69.52,148.58,0
62.28,106.35,1
67.29,168.16,0
63.01,121.68,1
72.9,180.05,0
63.8,123.24,1
61.64,112.56,1
65.12,115.71,1
70.11,155.89,0
63.23,120.4,1
71.67,166.71,0
64.53,121.08,1
71.88,160.96,0
67.79,140.01,1
72.42,184.67,0
72.93,166.35,0
71.54,165.63,0
65.68,99.16,1
63.51,112.16,1
58.53,101.03,1
70.99,147.43,0
68.18,135.08,1
64.66,143.44,0
62.8,107.5,1
62.77,121.67,1
66.72,138.69,1
68.93,175,0
68.92,160.48,0
73.17,167.9,0
73.53,190.43,0
64.38,124.7,1
65.57,123.56,1
59.14,103.78,1
63.69,109.95,1
73.42,181.02,0
66.57,124.98,1
62.89,123.27,1
60.56,110.49,1
65.66,124.35,1
61.38,142.93,0
69.91,160.89,0
71.46,159.19,0
64.71,104.22,1
66.82,127.61,1
69.97,153.94,0
72.79,169.6,0
64.92,118.82,1
61.33,117.72,1
69.29,159.6,0
63.23,121.64,1
63.57,122.33,1
64.89,146.75,0
65.78,109.78,1
66.21,116.74,1
71.64,148.38,0
68.48,169.03,0
65.35,111.63,1
75.01,180.82,0
66.88,126.95,1
64.79,117.25,1
72.85,174.84,0
66.72,142.91,1
70.74,146.69,0
68.47,150.49,0
64.06,101.63,1
67.21,133.07,1
64.86,140.48,0
68.56,181.82,0
66.13,109.14,1
61.63,129.23,1
64.73,116.98,1
65,138.35,0
70.1,165.43,0
67.96,164.45,0
62.89,118.03,1
65.72,121.34,1
70.89,168.82,0
70.2,145.91,0
66.12,141.95,0
69.62,151.42,0
66.36,114.97,1
68.78,185.29,0
68.79,166.71,0
70.62,164.81,0
71.48,170.4,0
62.23,111.25,1
62.69,127.62,1
71.45,152.53,0
69.3,131.58,1
68.89,147.41,0
67.48,168.48,0
64.11,118.17,1
65.8,120.74,1
62.68,117.32,1
69.47,157.49,0
64.48,115.02,1
71.11,172.84,0
62.88,130.54,1
63.9,101.3,1
58.04,91.2,1
63.04,116.33,1
66.77,171.93,0
70.23,154.65,0
67.53,139.34,1
67.55,161.92,0
63.79,107.87,1
60.07,106.95,1
69.87,165.59,0
70.39,129.45,1
64.93,140.66,0
64.26,113.7,1
68.96,169.67,0
65.84,145.76,0
65.39,127.4,0
71.88,171.54,0
72.9,172.02,0
72.5,176.26,0
62.48,120.61,1
62.18,112.71,1
67.13,160.42,0
70.48,152.6,0
73.49,176.19,0
67.38,145.88,0
71.8,165.95,0
68.65,156.09,0
61.55,119.11,1
69.04,166.04,0
68.5,152.77,0
69.09,162.19,0
63.78,121.87,1
69.26,167.5,0
62.83,118.4,1
61.29,116.32,1
65.96,125.13,1
68.16,169.09,0
61.41,140.29,0
68.14,147.98,0
63.73,112.66,1
70.44,153.19,0
70.94,152.07,0
62.67,112.54,1
72.58,186.62,0
65.41,120.44,1
72.11,170.19,0
64.62,117.71,1
65.68,114.59,1
65.37,115.16,1
58.56,112.6,1
59.67,156.56,0
62.83,117.9,1
64.34,117.17,1
63.02,115.94,1
60.96,112.06,1
75.47,167.24,0
64.32,115.99,1
65.72,105.17,1
70.43,162.82,0
64.9,111.06,1
69.16,162.99,0
72.59,193.12,0
64.59,120.1,1
72.95,172.78,0
60.8,101.59,1
70.74,153.88,0
63.99,121.27,1
69.82,164.23,0
66.67,134.86,1
63.84,155.04,0
62.45,121.98,1
67.9,167.05,0
68.34,125.12,1
64.61,152.54,0
67.86,174.17,0
64.95,103.22,1
63.15,114.81,1
67.51,133.45,1
71.79,153.79,0
70.47,159.02,0
68.39,162.75,0
65.32,114.27,1
62.48,116.28,1
67.77,164.15,0
65.52,140.39,0
72.79,181.23,0
66.56,167.37,0
67.9,152.71,0
62.82,115.67,1
62.74,117.05,1
69.81,156.46,0
68.04,163.19,0
65.57,115.21,1
67.61,167.76,0
64.32,120.71,1
74.45,180.55,0
67.98,164.99,0
57.62,117.46,1
56.89,104.36,1
58.24,116.54,1
58.93,110.67,1
71.16,146.79,0
62.31,120.77,1
66.01,144.77,0
70.67,186.96,0
70.31,168.72,0
65.13,119.4,1
64.25,135.25,1
69.92,162.04,0
68.45,159.89,0
68.94,120.83,1
67.95,144.44,1
63.07,112.64,1
64.87,142.26,0
57.46,110.02,1
70.3,171.54,0
66.82,134.45,1
71.53,166.9,0
63.19,113.53,1
59.99,102.45,1
72.98,179.56,0
65.89,116.59,1
67.21,165.29,0
60.31,102.21,1
62.98,117.2,1
66.86,121.83,1
69.43,155.19,0
71.4,152.94,0
65.29,118.31,1
64.53,146.51,0
62.42,115.26,1
67.85,155.59,0
63.04,113.88,1
59.81,114.09,1
70.6,153.87,0
66.58,132.25,1
65.91,124.37,1
58.33,107.02,1
65.34,138.23,0
59.5,108.67,1
57.09,104.17,1
63.02,115.22,1
65.34,138.17,0
64.49,112.72,1
73,177.11,0
66.5,172.31,0
65.83,136.44,0
69.2,172.41,0
69.53,152.24,0
70.59,156.45,0
70.16,180.27,0
68.85,166.2,0
70.02,150.55,0
68.27,182.95,0
71.18,149.86,0
61.81,152.92,0
66.08,130.97,0
64.7,147.61,0
67.8,156.06,0
66.53,140.02,0
69.97,154.75,0
67.18,167.98,0
68.79,136.42,0
76.72,203.01,0
69.24,160.43,0
67.21,166.76,0
68.98,160.49,0
65.32,125.15,0
71.54,161.46,0
71.49,169.14,0
66.37,156.73,0
69.31,172.64,0
67.49,166.31,0
66.78,153.25,0
71.89,177.41,0
66.15,131.31,0
74,189.83,0
68.13,179.55,0
65.31,134.57,0
69.5,144.68,0
74.31,146.38,0
70.66,145.23,0
68.96,158.24,0
73.99,182.68,0
70.12,157.66,0
68.27,182.7,0
69.04,153.25,0
66.62,173.26,0
69.09,158.39,0
69.5,163.24,0
70.45,158.2,0
70.71,159.78,0
70.76,149.33,0
68.04,166.76,0
72.99,175.66,0
69.35,162.58,0
66.53,171.52,0
69.58,160.68,0
65.68,144.21,0
67.87,165.33,0
66.91,161.36,0
69.71,155.83,0
72.7,166.3,0
67.13,147.44,0
65.49,134.13,0
70.51,174.82,0
66.99,162.03,0
67.62,168.17,0
60.77,131.13,0
73.48,190.67,0
70.16,163.62,0
